50
735 48.858173 2.294539
840 48.839287 2.377502
935 48.858949 2.339843
936 48.873777 2.295028
937 48.870883 2.779219
938 48.844794 2.373927
939 48.880226 2.354443
940 48.876300 2.323880
941 48.841422 2.317893
943 48.860009 2.324574
944 48.896102 2.386740
945 48.860287 2.352960
946 48.869623 2.310035
948 48.854678 2.314646
992 48.876032 2.358565
993 48.842445 2.363684
995 48.845737 2.345425
996 48.887196 2.343333
997 48.853732 2.349951
998 48.840999 2.254565
999 48.847935 2.251245
1000 48.832920 2.287373
1002 48.844783 2.357027
1004 48.880398 2.309075
1005 48.862139 2.337078
1006 48.883853 2.332812
1007 48.871912 2.300824
1008 48.851377 2.369899
1009 48.871846 2.330647
1010 48.863218 2.335484
1012 48.865661 2.320703
1016 48.862497 2.287209
1017 48.854123 2.333509
1018 48.859746 2.362835
1019 48.871693 2.341846
1020 48.856008 2.315599
1021 48.864721 2.296497
1022 48.885794 2.290321
1023 48.857385 2.347593
1024 48.857106 2.347443
1025 48.878074 2.330115
1026 48.873068 2.332336
1027 48.873598 2.328371
1028 48.850212 2.324195
1029 48.859488 2.343071
1031 48.833221 2.277340
1450 48.847597 2.353187
1460 48.861270 2.365150
1461 48.854006 2.333455
1462 48.887196 2.343333
20
48.838296 2.322800 bike 50
48.871670 2.328145 metro 90
48.855111 2.335039 bike 50
48.868508 2.306517 foot 80
48.832220 2.350465 bike 50
48.870659 2.310109 metro 90
48.867650 2.346410 metro 40
48.876574 2.296325 foot 40
48.850288 2.373063 bike 90
48.871582 2.323551 foot 30
48.871176 2.335513 metro 90
48.866012 2.368492 foot 80
48.865617 2.283133 bike 70
48.856666 2.327844 foot 60
48.845263 2.310112 metro 40
48.864909 2.336493 metro 80
48.841805 2.331725 bike 50
48.858035 2.353007 bike 40
48.863204 2.352694 bike 40
48.828949 2.300609 foot 90